# Experimento 4: BFS e DFS com vizinhança randomizada

## Par 1: start=(15, 19), goal=(22, 30)
BFS run=1 Caminho=[(15, 19), (15, 20), (15, 21), (15, 22), (16, 22), (16, 23), (17, 23), (18, 23), (19, 23), (19, 24), (19, 25), (19, 26), (20, 26), (21, 26), (21, 27), (21, 28), (22, 28), (22, 29), (22, 30)] Visitados=602 Gerados=650 Custo f1=180 Custo f2=215 Custo f3=197 Custo f4=182
BFS run=2 Caminho=[(15, 19), (15, 20), (16, 20), (16, 21), (17, 21), (18, 21), (19, 21), (19, 22), (19, 23), (20, 23), (21, 23), (21, 24), (21, 25), (21, 26), (21, 27), (22, 27), (22, 28), (22, 29), (22, 30)] Visitados=582 Gerados=629 Custo f1=180 Custo f2=215 Custo f3=200 Custo f4=175
BFS run=3 Caminho=[(15, 19), (16, 19), (17, 19), (17, 20), (17, 21), (17, 22), (17, 23), (17, 24), (17, 25), (18, 25), (18, 26), (19, 26), (19, 27), (19, 28), (19, 29), (20, 29), (20, 30), (21, 30), (22, 30)] Visitados=585 Gerados=632 Custo f1=180 Custo f2=215 Custo f3=198 Custo f4=186
BFS run=4 Caminho=[(15, 19), (16, 19), (17, 19), (18, 19), (19, 19), (20, 19), (21, 19), (21, 20), (21, 21), (22, 21), (22, 22), (22, 23), (22, 24), (22, 25), (22, 26), (22, 27), (22, 28), (22, 29), (22, 30)] Visitados=617 Gerados=663 Custo f1=180 Custo f2=215 Custo f3=197 Custo f4=185
BFS run=5 Caminho=[(15, 19), (15, 20), (16, 20), (16, 21), (16, 22), (17, 22), (17, 23), (17, 24), (18, 24), (18, 25), (18, 26), (18, 27), (19, 27), (19, 28), (20, 28), (21, 28), (21, 29), (22, 29), (22, 30)] Visitados=595 Gerados=642 Custo f1=180 Custo f2=215 Custo f3=198 Custo f4=186
BFS run=6 Caminho=[(15, 19), (15, 20), (15, 21), (16, 21), (17, 21), (17, 22), (18, 22), (18, 23), (18, 24), (18, 25), (19, 25), (19, 26), (20, 26), (21, 26), (21, 27), (22, 27), (22, 28), (22, 29), (22, 30)] Visitados=613 Gerados=660 Custo f1=180 Custo f2=215 Custo f3=200 Custo f4=185
BFS run=7 Caminho=[(15, 19), (16, 19), (17, 19), (18, 19), (18, 20), (18, 21), (18, 22), (18, 23), (18, 24), (19, 24), (20, 24), (20, 25), (20, 26), (21, 26), (21, 27), (22, 27), (22, 28), (22, 29), (22, 30)] Visitados=588 Gerados=636 Custo f1=180 Custo f2=215 Custo f3=190 Custo f4=184
BFS run=8 Caminho=[(15, 19), (16, 19), (16, 20), (17, 20), (18, 20), (18, 21), (18, 22), (19, 22), (19, 23), (20, 23), (20, 24), (20, 25), (20, 26), (21, 26), (22, 26), (22, 27), (22, 28), (22, 29), (22, 30)] Visitados=588 Gerados=636 Custo f1=180 Custo f2=215 Custo f3=188 Custo f4=186
BFS run=9 Caminho=[(15, 19), (16, 19), (17, 19), (18, 19), (19, 19), (20, 19), (21, 19), (22, 19), (22, 20), (22, 21), (22, 22), (22, 23), (22, 24), (22, 25), (22, 26), (22, 27), (22, 28), (22, 29), (22, 30)] Visitados=593 Gerados=640 Custo f1=180 Custo f2=215 Custo f3=195 Custo f4=187
BFS run=10 Caminho=[(15, 19), (15, 20), (16, 20), (17, 20), (17, 21), (17, 22), (18, 22), (19, 22), (20, 22), (20, 23), (20, 24), (21, 24), (21, 25), (21, 26), (21, 27), (21, 28), (22, 28), (22, 29), (22, 30)] Visitados=571 Gerados=619 Custo f1=180 Custo f2=215 Custo f3=196 Custo f4=184
