=== Execução 1 ===
Trabalho (início): (25, 16)
Casa (objetivo):   (15, 23)
Farmácias:         [(10, 29), (8, 22), (0, 5), (24, 15)]

--- A* + C1 + H1 (>=1 farmácia) ---
  Caminho=[(25, 16), (24, 16), (24, 15), (23, 15), (22, 15), (22, 16), (21, 16), (21, 17), (20, 17), (20, 18), (19, 18), (19, 19), (18, 19), (18, 20), (17, 20), (17, 21), (16, 21), (16, 22), (15, 22), (15, 23)], Custo=190, Visitados=105, Gerados=145

--- A* + C2 + H1 (>=1 farmácia) ---
  Caminho=[(25, 16), (25, 15), (24, 15), (24, 16), (24, 17), (24, 18), (24, 19), (23, 19), (23, 20), (22, 20), (21, 20), (21, 21), (20, 21), (19, 21), (18, 21), (18, 22), (17, 22), (16, 22), (16, 23), (15, 23)], Custo=240, Visitados=162, Gerados=209

--- A* + C2 + H2 (>=1 farmácia) ---
  Caminho=[(25, 16), (25, 15), (24, 15), (24, 16), (24, 17), (24, 18), (24, 19), (24, 20), (24, 21), (24, 22), (24, 23), (23, 23), (22, 23), (21, 23), (20, 23), (19, 23), (18, 23), (17, 23), (16, 23), (15, 23)], Custo=240, Visitados=114, Gerados=157

--- A* + C3 + H1 (>=1 farmácia) ---
  Caminho=[(25, 16), (24, 16), (24, 15), (23, 15), (22, 15), (21, 15), (21, 16), (21, 17), (21, 18), (20, 18), (19, 18), (18, 18), (18, 19), (18, 20), (18, 21), (17, 21), (16, 21), (15, 21), (15, 22), (15, 23)], Custo=199, Visitados=148, Gerados=199

--- A* + C3 + H2 (>=1 farmácia) ---
  Caminho=[(25, 16), (24, 16), (24, 15), (23, 15), (22, 15), (21, 15), (21, 16), (21, 17), (21, 18), (20, 18), (19, 18), (18, 18), (18, 19), (18, 20), (18, 21), (17, 21), (16, 21), (15, 21), (15, 22), (15, 23)], Custo=199, Visitados=93, Gerados=148

--- A* + C4 + H1 (>=1 farmácia) ---
  Caminho=[(25, 16), (25, 15), (24, 15), (24, 16), (24, 17), (24, 18), (23, 18), (22, 18), (21, 18), (20, 18), (19, 18), (18, 18), (17, 18), (17, 19), (17, 20), (17, 21), (17, 22), (17, 23), (16, 23), (15, 23)], Custo=178, Visitados=134, Gerados=188

--- A* + C4 + H2 (>=1 farmácia) ---
  Caminho=[(25, 16), (25, 15), (24, 15), (24, 16), (24, 17), (24, 18), (24, 19), (23, 19), (22, 19), (21, 19), (20, 19), (19, 19), (18, 19), (18, 20), (18, 21), (18, 22), (18, 23), (17, 23), (16, 23), (15, 23)], Custo=178, Visitados=21, Gerados=56


=== Execução 2 ===
Trabalho (início): (30, 30)
Casa (objetivo):   (29, 4)
Farmácias:         [(23, 20), (9, 2), (30, 0), (28, 6)]

--- A* + C1 + H1 (>=1 farmácia) ---
  Caminho=[(30, 30), (30, 29), (30, 28), (30, 27), (30, 26), (30, 25), (30, 24), (30, 23), (30, 22), (30, 21), (30, 20), (30, 19), (30, 18), (30, 17), (30, 16), (30, 15), (30, 14), (30, 13), (30, 12), (30, 11), (30, 10), (30, 9), (30, 8), (29, 8), (29, 7), (28, 7), (28, 6), (28, 5), (28, 4), (29, 4)], Custo=290, Visitados=54, Gerados=85

--- A* + C2 + H1 (>=1 farmácia) ---
  Caminho=[(30, 30), (30, 29), (30, 28), (30, 27), (30, 26), (30, 25), (30, 24), (30, 23), (30, 22), (30, 21), (30, 20), (30, 19), (30, 18), (30, 17), (30, 16), (30, 15), (30, 14), (30, 13), (30, 12), (30, 11), (30, 10), (30, 9), (30, 8), (30, 7), (29, 7), (29, 6), (28, 6), (28, 5), (28, 4), (29, 4)], Custo=305, Visitados=55, Gerados=86

--- A* + C2 + H2 (>=1 farmácia) ---
  Caminho=[(30, 30), (30, 29), (30, 28), (30, 27), (30, 26), (30, 25), (30, 24), (30, 23), (30, 22), (30, 21), (30, 20), (30, 19), (30, 18), (30, 17), (30, 16), (30, 15), (30, 14), (30, 13), (30, 12), (30, 11), (30, 10), (30, 9), (30, 8), (30, 7), (30, 6), (29, 6), (28, 6), (28, 5), (28, 4), (29, 4)], Custo=305, Visitados=55, Gerados=86

--- A* + C3 + H1 (>=1 farmácia) ---
  Caminho=[(30, 30), (30, 29), (30, 28), (30, 27), (30, 26), (30, 25), (30, 24), (30, 23), (30, 22), (30, 21), (30, 20), (30, 19), (30, 18), (30, 17), (30, 16), (30, 15), (30, 14), (30, 13), (30, 12), (29, 12), (29, 11), (29, 10), (29, 9), (29, 8), (29, 7), (28, 7), (28, 6), (29, 6), (29, 5), (29, 4)], Custo=290, Visitados=75, Gerados=109

--- A* + C3 + H2 (>=1 farmácia) ---
  Caminho=[(30, 30), (29, 30), (29, 29), (29, 28), (29, 27), (29, 26), (29, 25), (28, 25), (28, 24), (28, 23), (28, 22), (28, 21), (28, 20), (28, 19), (28, 18), (28, 17), (28, 16), (28, 15), (28, 14), (28, 13), (28, 12), (28, 11), (28, 10), (28, 9), (28, 8), (28, 7), (28, 6), (29, 6), (29, 5), (29, 4)], Custo=290, Visitados=33, Gerados=88

--- A* + C4 + H1 (>=1 farmácia) ---
  Caminho=[(30, 30), (30, 29), (30, 28), (30, 27), (30, 26), (30, 25), (30, 24), (30, 23), (30, 22), (30, 21), (29, 21), (29, 20), (29, 19), (29, 18), (29, 17), (29, 16), (29, 15), (29, 14), (29, 13), (29, 12), (29, 11), (28, 11), (28, 10), (28, 9), (28, 8), (28, 7), (28, 6), (28, 5), (28, 4), (29, 4)], Custo=282, Visitados=56, Gerados=98

--- A* + C4 + H2 (>=1 farmácia) ---
  Caminho=[(30, 30), (30, 29), (30, 28), (30, 27), (30, 26), (29, 26), (28, 26), (28, 25), (28, 24), (28, 23), (28, 22), (28, 21), (28, 20), (28, 19), (28, 18), (28, 17), (28, 16), (28, 15), (28, 14), (28, 13), (28, 12), (28, 11), (28, 10), (28, 9), (28, 8), (28, 7), (28, 6), (28, 5), (28, 4), (29, 4)], Custo=291, Visitados=31, Gerados=81


=== Execução 3 ===
Trabalho (início): (28, 7)
Casa (objetivo):   (9, 15)
Farmácias:         [(3, 0), (1, 23), (0, 18), (27, 25)]

--- A* + C1 + H1 (>=1 farmácia) ---
  Caminho=[(28, 7), (28, 8), (28, 9), (28, 10), (28, 11), (28, 12), (28, 13), (28, 14), (28, 15), (28, 16), (28, 17), (28, 18), (28, 19), (28, 20), (28, 21), (28, 22), (28, 23), (28, 24), (27, 24), (27, 25), (26, 25), (25, 25), (24, 25), (23, 25), (22, 25), (21, 25), (20, 25), (19, 25), (18, 25), (18, 24), (17, 24), (17, 23), (16, 23), (16, 22), (15, 22), (15, 21), (14, 21), (14, 20), (13, 20), (13, 19), (12, 19), (12, 18), (11, 18), (11, 17), (10, 17), (10, 16), (9, 16), (9, 15)], Custo=470, Visitados=286, Gerados=379

--- A* + C2 + H1 (>=1 farmácia) ---
  Caminho=[(28, 7), (28, 8), (28, 9), (28, 10), (28, 11), (28, 12), (28, 13), (28, 14), (28, 15), (28, 16), (28, 17), (28, 18), (28, 19), (28, 20), (28, 21), (28, 22), (28, 23), (28, 24), (28, 25), (27, 25), (27, 24), (27, 23), (26, 23), (26, 22), (25, 22), (24, 22), (23, 22), (23, 21), (22, 21), (21, 21), (21, 20), (20, 20), (19, 20), (19, 19), (18, 19), (17, 19), (17, 18), (16, 18), (15, 18), (15, 17), (14, 17), (13, 17), (12, 17), (12, 16), (11, 16), (10, 16), (10, 15), (9, 15)], Custo=565, Visitados=425, Gerados=505

--- A* + C2 + H2 (>=1 farmácia) ---
  Caminho=[(28, 7), (28, 8), (28, 9), (28, 10), (28, 11), (28, 12), (28, 13), (28, 14), (28, 15), (28, 16), (28, 17), (28, 18), (28, 19), (28, 20), (28, 21), (28, 22), (28, 23), (28, 24), (28, 25), (27, 25), (27, 24), (27, 23), (27, 22), (27, 21), (27, 20), (27, 19), (27, 18), (27, 17), (27, 16), (27, 15), (26, 15), (25, 15), (24, 15), (23, 15), (22, 15), (21, 15), (20, 15), (19, 15), (18, 15), (17, 15), (16, 15), (15, 15), (14, 15), (13, 15), (12, 15), (11, 15), (10, 15), (9, 15)], Custo=565, Visitados=342, Gerados=434

--- A* + C3 + H1 (>=1 farmácia) ---
  Caminho=[(28, 7), (28, 8), (28, 9), (28, 10), (28, 11), (28, 12), (28, 13), (28, 14), (28, 15), (28, 16), (28, 17), (28, 18), (28, 19), (27, 19), (27, 20), (27, 21), (27, 22), (27, 23), (27, 24), (27, 25), (26, 25), (25, 25), (24, 25), (24, 24), (24, 23), (24, 22), (23, 22), (22, 22), (21, 22), (20, 22), (20, 21), (20, 20), (19, 20), (18, 20), (17, 20), (16, 20), (16, 19), (16, 18), (15, 18), (14, 18), (13, 18), (13, 17), (13, 16), (13, 15), (12, 15), (11, 15), (10, 15), (9, 15)], Custo=494, Visitados=437, Gerados=549

--- A* + C3 + H2 (>=1 farmácia) ---
  Caminho=[(28, 7), (27, 7), (27, 8), (27, 9), (27, 10), (27, 11), (27, 12), (27, 13), (27, 14), (27, 15), (27, 16), (27, 17), (27, 18), (27, 19), (27, 20), (27, 21), (27, 22), (27, 23), (27, 24), (27, 25), (26, 25), (25, 25), (24, 25), (24, 24), (24, 23), (24, 22), (23, 22), (22, 22), (21, 22), (21, 21), (21, 20), (21, 19), (20, 19), (19, 19), (18, 19), (17, 19), (17, 18), (17, 17), (16, 17), (15, 17), (14, 17), (13, 17), (13, 16), (13, 15), (12, 15), (11, 15), (10, 15), (9, 15)], Custo=494, Visitados=279, Gerados=409

--- A* + C4 + H1 (>=1 farmácia) ---
  Caminho=[(28, 7), (28, 8), (28, 9), (28, 10), (28, 11), (28, 12), (28, 13), (28, 14), (28, 15), (28, 16), (27, 16), (27, 17), (27, 18), (27, 19), (27, 20), (27, 21), (27, 22), (27, 23), (27, 24), (27, 25), (27, 24), (27, 23), (26, 23), (25, 23), (24, 23), (23, 23), (22, 23), (21, 23), (20, 23), (19, 23), (19, 22), (19, 21), (19, 20), (19, 19), (18, 19), (17, 19), (16, 19), (15, 19), (14, 19), (13, 19), (12, 19), (12, 18), (12, 17), (12, 16), (12, 15), (11, 15), (10, 15), (9, 15)], Custo=439, Visitados=370, Gerados=488

--- A* + C4 + H2 (>=1 farmácia) ---
  Caminho=[(28, 7), (28, 8), (28, 9), (28, 10), (28, 11), (27, 11), (27, 12), (27, 13), (27, 14), (27, 15), (27, 16), (27, 17), (27, 18), (27, 19), (27, 20), (27, 21), (27, 22), (27, 23), (27, 24), (27, 25), (27, 24), (27, 23), (27, 22), (27, 21), (26, 21), (25, 21), (24, 21), (23, 21), (22, 21), (21, 21), (21, 20), (21, 19), (21, 18), (21, 17), (21, 16), (20, 16), (19, 16), (18, 16), (17, 16), (16, 16), (15, 16), (15, 15), (14, 15), (13, 15), (12, 15), (11, 15), (10, 15), (9, 15)], Custo=449, Visitados=54, Gerados=143


=== Execução 4 ===
Trabalho (início): (26, 24)
Casa (objetivo):   (29, 23)
Farmácias:         [(11, 16), (7, 26), (2, 19), (19, 22)]

--- A* + C1 + H1 (>=1 farmácia) ---
  Caminho=[(26, 24), (25, 24), (24, 24), (23, 24), (22, 24), (21, 24), (20, 24), (20, 23), (19, 23), (19, 22), (20, 22), (21, 22), (22, 22), (23, 22), (24, 22), (25, 22), (26, 22), (27, 22), (28, 22), (28, 23), (29, 23)], Custo=200, Visitados=41, Gerados=82

--- A* + C2 + H1 (>=1 farmácia) ---
  Caminho=[(26, 24), (25, 24), (24, 24), (23, 24), (22, 24), (22, 23), (21, 23), (20, 23), (20, 22), (19, 22), (20, 22), (21, 22), (22, 22), (23, 22), (24, 22), (25, 22), (26, 22), (27, 22), (28, 22), (28, 23), (29, 23)], Custo=285, Visitados=118, Gerados=172

--- A* + C2 + H2 (>=1 farmácia) ---
  Caminho=[(26, 24), (26, 23), (26, 22), (25, 22), (24, 22), (23, 22), (22, 22), (21, 22), (20, 22), (19, 22), (19, 23), (20, 23), (21, 23), (22, 23), (23, 23), (24, 23), (25, 23), (26, 23), (27, 23), (28, 23), (29, 23)], Custo=285, Visitados=79, Gerados=126

--- A* + C3 + H1 (>=1 farmácia) ---
  Caminho=[(26, 24), (25, 24), (24, 24), (23, 24), (22, 24), (22, 23), (22, 22), (21, 22), (20, 22), (19, 22), (20, 22), (21, 22), (22, 22), (23, 22), (24, 22), (24, 23), (25, 23), (26, 23), (27, 23), (28, 23), (29, 23)], Custo=229, Visitados=76, Gerados=132

--- A* + C3 + H2 (>=1 farmácia) ---
  Caminho=[(26, 24), (25, 24), (24, 24), (23, 24), (22, 24), (22, 23), (22, 22), (21, 22), (20, 22), (19, 22), (20, 22), (21, 22), (22, 22), (23, 22), (24, 22), (24, 23), (25, 23), (26, 23), (27, 23), (28, 23), (29, 23)], Custo=229, Visitados=56, Gerados=101

--- A* + C4 + H1 (>=1 farmácia) ---
  Caminho=[(26, 24), (26, 23), (25, 23), (24, 23), (23, 23), (22, 23), (21, 23), (20, 23), (19, 23), (19, 22), (20, 22), (21, 22), (22, 22), (23, 22), (24, 22), (25, 22), (26, 22), (27, 22), (28, 22), (29, 22), (29, 23)], Custo=195, Visitados=31, Gerados=77

--- A* + C4 + H2 (>=1 farmácia) ---
  Caminho=[(26, 24), (26, 23), (26, 22), (25, 22), (24, 22), (23, 22), (22, 22), (21, 22), (20, 22), (19, 22), (19, 23), (20, 23), (21, 23), (22, 23), (23, 23), (24, 23), (25, 23), (26, 23), (27, 23), (28, 23), (29, 23)], Custo=189, Visitados=23, Gerados=61


=== Execução 5 ===
Trabalho (início): (1, 24)
Casa (objetivo):   (10, 26)
Farmácias:         [(27, 29), (14, 28), (23, 21), (13, 21)]

--- A* + C1 + H1 (>=1 farmácia) ---
  Caminho=[(1, 24), (2, 24), (3, 24), (4, 24), (5, 24), (6, 24), (7, 24), (8, 24), (9, 24), (10, 24), (10, 25), (11, 25), (11, 26), (12, 26), (12, 27), (13, 27), (13, 28), (14, 28), (13, 28), (12, 28), (11, 28), (11, 27), (10, 27), (10, 26)], Custo=230, Visitados=100, Gerados=145

--- A* + C2 + H1 (>=1 farmácia) ---
  Caminho=[(1, 24), (2, 24), (3, 24), (4, 24), (5, 24), (6, 24), (7, 24), (7, 23), (8, 23), (9, 23), (10, 23), (10, 22), (11, 22), (12, 22), (12, 21), (13, 21), (13, 22), (13, 23), (13, 24), (13, 25), (12, 25), (11, 25), (11, 26), (10, 26)], Custo=305, Visitados=154, Gerados=202

--- A* + C2 + H2 (>=1 farmácia) ---
  Caminho=[(1, 24), (1, 23), (1, 22), (1, 21), (2, 21), (3, 21), (4, 21), (5, 21), (6, 21), (7, 21), (8, 21), (9, 21), (10, 21), (11, 21), (12, 21), (13, 21), (13, 22), (13, 23), (13, 24), (13, 25), (13, 26), (12, 26), (11, 26), (10, 26)], Custo=305, Visitados=109, Gerados=156

--- A* + C3 + H1 (>=1 farmácia) ---
  Caminho=[(1, 24), (2, 24), (3, 24), (4, 24), (5, 24), (6, 24), (6, 23), (7, 23), (8, 23), (9, 23), (10, 23), (10, 22), (10, 21), (11, 21), (12, 21), (13, 21), (12, 21), (12, 22), (12, 23), (12, 24), (12, 25), (12, 26), (11, 26), (10, 26)], Custo=250, Visitados=131, Gerados=187

--- A* + C3 + H2 (>=1 farmácia) ---
  Caminho=[(1, 24), (2, 24), (3, 24), (4, 24), (5, 24), (5, 23), (5, 22), (6, 22), (7, 22), (8, 22), (9, 22), (10, 22), (10, 21), (11, 21), (12, 21), (13, 21), (12, 21), (12, 22), (12, 23), (12, 24), (12, 25), (12, 26), (11, 26), (10, 26)], Custo=250, Visitados=71, Gerados=124

--- A* + C4 + H1 (>=1 farmácia) ---
  Caminho=[(1, 24), (1, 23), (2, 23), (3, 23), (4, 23), (5, 23), (6, 23), (7, 23), (8, 23), (9, 23), (10, 23), (10, 22), (10, 21), (11, 21), (12, 21), (13, 21), (13, 22), (13, 23), (13, 24), (13, 25), (12, 25), (11, 25), (10, 25), (10, 26)], Custo=224, Visitados=95, Gerados=149

--- A* + C4 + H2 (>=1 farmácia) ---
  Caminho=[(1, 24), (1, 23), (1, 22), (1, 21), (2, 21), (3, 21), (4, 21), (5, 21), (6, 21), (7, 21), (8, 21), (9, 21), (10, 21), (11, 21), (12, 21), (13, 21), (13, 22), (13, 23), (13, 24), (13, 25), (12, 25), (11, 25), (10, 25), (10, 26)], Custo=228, Visitados=25, Gerados=69


=== Execução 6 ===
Trabalho (início): (6, 12)
Casa (objetivo):   (0, 23)
Farmácias:         [(4, 29), (13, 17), (12, 21), (8, 15)]

--- A* + C1 + H1 (>=1 farmácia) ---
  Caminho=[(6, 12), (6, 13), (6, 14), (7, 14), (7, 15), (8, 15), (7, 15), (7, 16), (6, 16), (6, 17), (5, 17), (5, 18), (4, 18), (4, 19), (3, 19), (3, 20), (2, 20), (2, 21), (1, 21), (1, 22), (0, 22), (0, 23)], Custo=210, Visitados=104, Gerados=141

--- A* + C2 + H1 (>=1 farmácia) ---
  Caminho=[(6, 12), (6, 13), (6, 14), (7, 14), (7, 15), (8, 15), (8, 16), (8, 17), (8, 18), (8, 19), (8, 20), (7, 20), (6, 20), (6, 21), (5, 21), (4, 21), (3, 21), (3, 22), (2, 22), (1, 22), (1, 23), (0, 23)], Custo=260, Visitados=152, Gerados=196

--- A* + C2 + H2 (>=1 farmácia) ---
  Caminho=[(6, 12), (6, 13), (6, 14), (6, 15), (7, 15), (8, 15), (8, 16), (8, 17), (8, 18), (8, 19), (8, 20), (8, 21), (8, 22), (8, 23), (7, 23), (6, 23), (5, 23), (4, 23), (3, 23), (2, 23), (1, 23), (0, 23)], Custo=260, Visitados=110, Gerados=148

--- A* + C3 + H1 (>=1 farmácia) ---
  Caminho=[(6, 12), (7, 12), (8, 12), (8, 13), (8, 14), (8, 15), (7, 15), (6, 15), (6, 16), (6, 17), (6, 18), (6, 19), (5, 19), (4, 19), (3, 19), (3, 20), (3, 21), (3, 22), (2, 22), (1, 22), (0, 22), (0, 23)], Custo=218, Visitados=142, Gerados=194

--- A* + C3 + H2 (>=1 farmácia) ---
  Caminho=[(6, 12), (7, 12), (8, 12), (8, 13), (8, 14), (8, 15), (7, 15), (6, 15), (6, 16), (6, 17), (6, 18), (6, 19), (5, 19), (4, 19), (3, 19), (3, 20), (3, 21), (3, 22), (2, 22), (1, 22), (0, 22), (0, 23)], Custo=218, Visitados=93, Gerados=159

--- A* + C4 + H1 (>=1 farmácia) ---
  Caminho=[(6, 12), (6, 13), (6, 14), (6, 15), (7, 15), (8, 15), (8, 16), (8, 17), (8, 18), (7, 18), (6, 18), (5, 18), (4, 18), (3, 18), (2, 18), (1, 18), (1, 19), (1, 20), (1, 21), (1, 22), (1, 23), (0, 23)], Custo=197, Visitados=123, Gerados=178

--- A* + C4 + H2 (>=1 farmácia) ---
  Caminho=[(6, 12), (6, 13), (6, 14), (6, 15), (7, 15), (8, 15), (8, 16), (8, 17), (8, 18), (8, 19), (7, 19), (6, 19), (5, 19), (4, 19), (3, 19), (2, 19), (2, 20), (2, 21), (2, 22), (2, 23), (1, 23), (0, 23)], Custo=197, Visitados=23, Gerados=61


=== Execução 7 ===
Trabalho (início): (10, 15)
Casa (objetivo):   (1, 14)
Farmácias:         [(27, 7), (29, 22), (24, 28), (11, 8)]

--- A* + C1 + H1 (>=1 farmácia) ---
  Caminho=[(10, 15), (10, 14), (10, 13), (10, 12), (10, 11), (10, 10), (10, 9), (10, 8), (11, 8), (10, 8), (9, 8), (8, 8), (7, 8), (6, 8), (6, 9), (5, 9), (5, 10), (4, 10), (4, 11), (3, 11), (3, 12), (2, 12), (2, 13), (1, 13), (1, 14)], Custo=240, Visitados=94, Gerados=144

--- A* + C2 + H1 (>=1 farmácia) ---
  Caminho=[(10, 15), (10, 14), (10, 13), (10, 12), (10, 11), (10, 10), (10, 9), (10, 8), (11, 8), (11, 9), (11, 10), (10, 10), (9, 10), (9, 11), (8, 11), (7, 11), (7, 12), (6, 12), (5, 12), (4, 12), (4, 13), (3, 13), (2, 13), (2, 14), (1, 14)], Custo=295, Visitados=158, Gerados=216

--- A* + C2 + H2 (>=1 farmácia) ---
  Caminho=[(10, 15), (10, 14), (10, 13), (10, 12), (10, 11), (10, 10), (10, 9), (10, 8), (11, 8), (11, 9), (11, 10), (11, 11), (11, 12), (11, 13), (11, 14), (10, 14), (9, 14), (8, 14), (7, 14), (6, 14), (5, 14), (4, 14), (3, 14), (2, 14), (1, 14)], Custo=295, Visitados=111, Gerados=164

--- A* + C3 + H1 (>=1 farmácia) ---
  Caminho=[(10, 15), (10, 14), (10, 13), (10, 12), (10, 11), (10, 10), (10, 9), (11, 9), (11, 8), (10, 8), (9, 8), (8, 8), (8, 9), (8, 10), (8, 11), (7, 11), (6, 11), (5, 11), (5, 12), (5, 13), (5, 14), (4, 14), (3, 14), (2, 14), (1, 14)], Custo=252, Visitados=142, Gerados=202

--- A* + C3 + H2 (>=1 farmácia) ---
  Caminho=[(10, 15), (10, 14), (10, 13), (10, 12), (10, 11), (10, 10), (10, 9), (11, 9), (11, 8), (10, 8), (9, 8), (8, 8), (8, 9), (8, 10), (8, 11), (7, 11), (6, 11), (5, 11), (5, 12), (5, 13), (5, 14), (4, 14), (3, 14), (2, 14), (1, 14)], Custo=252, Visitados=90, Gerados=151

--- A* + C4 + H1 (>=1 farmácia) ---
  Caminho=[(10, 15), (10, 14), (10, 13), (10, 12), (10, 11), (10, 10), (10, 9), (11, 9), (11, 8), (11, 9), (11, 10), (10, 10), (9, 10), (8, 10), (7, 10), (6, 10), (5, 10), (4, 10), (3, 10), (3, 11), (3, 12), (3, 13), (3, 14), (2, 14), (1, 14)], Custo=227, Visitados=113, Gerados=175

--- A* + C4 + H2 (>=1 farmácia) ---
  Caminho=[(10, 15), (10, 14), (10, 13), (10, 12), (10, 11), (10, 10), (11, 10), (11, 9), (11, 8), (11, 9), (11, 10), (11, 11), (11, 12), (10, 12), (9, 12), (8, 12), (7, 12), (6, 12), (5, 12), (5, 13), (5, 14), (4, 14), (3, 14), (2, 14), (1, 14)], Custo=230, Visitados=30, Gerados=74


=== Execução 8 ===
Trabalho (início): (23, 26)
Casa (objetivo):   (5, 23)
Farmácias:         [(24, 29), (2, 13), (27, 13), (3, 5)]

--- A* + C1 + H1 (>=1 farmácia) ---
  Caminho=[(23, 26), (23, 27), (23, 28), (23, 29), (24, 29), (23, 29), (22, 29), (21, 29), (20, 29), (19, 29), (18, 29), (17, 29), (16, 29), (15, 29), (14, 29), (13, 29), (12, 29), (11, 29), (10, 29), (10, 28), (9, 28), (9, 27), (8, 27), (8, 26), (7, 26), (7, 25), (6, 25), (6, 24), (5, 24), (5, 23)], Custo=290, Visitados=148, Gerados=190

--- A* + C2 + H1 (>=1 farmácia) ---
  Caminho=[(23, 26), (23, 27), (23, 28), (23, 29), (24, 29), (23, 29), (22, 29), (21, 29), (20, 29), (19, 29), (18, 29), (17, 29), (17, 28), (16, 28), (15, 28), (15, 27), (14, 27), (13, 27), (13, 26), (12, 26), (11, 26), (11, 25), (10, 25), (9, 25), (8, 25), (8, 24), (7, 24), (6, 24), (6, 23), (5, 23)], Custo=390, Visitados=275, Gerados=324

--- A* + C2 + H2 (>=1 farmácia) ---
  Caminho=[(23, 26), (23, 27), (23, 28), (23, 29), (24, 29), (24, 28), (24, 27), (24, 26), (24, 25), (24, 24), (24, 23), (23, 23), (22, 23), (21, 23), (20, 23), (19, 23), (18, 23), (17, 23), (16, 23), (15, 23), (14, 23), (13, 23), (12, 23), (11, 23), (10, 23), (9, 23), (8, 23), (7, 23), (6, 23), (5, 23)], Custo=390, Visitados=221, Gerados=270

--- A* + C3 + H1 (>=1 farmácia) ---
  Caminho=[(23, 26), (24, 26), (24, 27), (24, 28), (24, 29), (23, 29), (22, 29), (21, 29), (20, 29), (19, 29), (19, 28), (18, 28), (17, 28), (16, 28), (15, 28), (15, 27), (15, 26), (14, 26), (13, 26), (12, 26), (11, 26), (11, 25), (11, 24), (10, 24), (9, 24), (8, 24), (7, 24), (6, 24), (6, 23), (5, 23)], Custo=322, Visitados=268, Gerados=319

--- A* + C3 + H2 (>=1 farmácia) ---
  Caminho=[(23, 26), (24, 26), (24, 27), (24, 28), (24, 29), (23, 29), (22, 29), (21, 29), (20, 29), (20, 28), (20, 27), (19, 27), (18, 27), (17, 27), (16, 27), (16, 26), (16, 25), (15, 25), (14, 25), (13, 25), (12, 25), (11, 25), (11, 24), (10, 24), (9, 24), (8, 24), (7, 24), (6, 24), (6, 23), (5, 23)], Custo=322, Visitados=207, Gerados=286

--- A* + C4 + H1 (>=1 farmácia) ---
  Caminho=[(23, 26), (23, 27), (23, 28), (23, 29), (24, 29), (24, 28), (23, 28), (22, 28), (21, 28), (20, 28), (19, 28), (18, 28), (17, 28), (16, 28), (15, 28), (15, 27), (15, 26), (14, 26), (13, 26), (12, 26), (11, 26), (10, 26), (9, 26), (8, 26), (7, 26), (6, 26), (6, 25), (6, 24), (6, 23), (5, 23)], Custo=275, Visitados=213, Gerados=270

--- A* + C4 + H2 (>=1 farmácia) ---
  Caminho=[(23, 26), (23, 27), (23, 28), (23, 29), (24, 29), (24, 28), (24, 27), (24, 26), (24, 25), (23, 25), (22, 25), (21, 25), (20, 25), (19, 25), (18, 25), (18, 24), (18, 23), (17, 23), (16, 23), (15, 23), (14, 23), (13, 23), (12, 23), (11, 23), (10, 23), (9, 23), (8, 23), (7, 23), (6, 23), (5, 23)], Custo=281, Visitados=35, Gerados=91


=== Execução 9 ===
Trabalho (início): (14, 30)
Casa (objetivo):   (16, 26)
Farmácias:         [(21, 29), (14, 2), (26, 18), (17, 30)]

--- A* + C1 + H1 (>=1 farmácia) ---
  Caminho=[(14, 30), (15, 30), (16, 30), (17, 30), (17, 29), (17, 28), (17, 27), (16, 27), (16, 26)], Custo=80, Visitados=10, Gerados=21

--- A* + C2 + H1 (>=1 farmácia) ---
  Caminho=[(14, 30), (15, 30), (16, 30), (17, 30), (17, 29), (17, 28), (17, 27), (17, 26), (16, 26)], Custo=100, Visitados=11, Gerados=24

--- A* + C2 + H2 (>=1 farmácia) ---
  Caminho=[(14, 30), (15, 30), (16, 30), (17, 30), (17, 29), (17, 28), (17, 27), (17, 26), (16, 26)], Custo=100, Visitados=10, Gerados=22

--- A* + C3 + H1 (>=1 farmácia) ---
  Caminho=[(14, 30), (15, 30), (16, 30), (17, 30), (16, 30), (16, 29), (16, 28), (16, 27), (16, 26)], Custo=83, Visitados=13, Gerados=27

--- A* + C3 + H2 (>=1 farmácia) ---
  Caminho=[(14, 30), (15, 30), (16, 30), (17, 30), (16, 30), (16, 29), (16, 28), (16, 27), (16, 26)], Custo=83, Visitados=10, Gerados=20

--- A* + C4 + H1 (>=1 farmácia) ---
  Caminho=[(14, 30), (15, 30), (16, 30), (17, 30), (17, 29), (17, 28), (17, 27), (17, 26), (16, 26)], Custo=89, Visitados=10, Gerados=22

--- A* + C4 + H2 (>=1 farmácia) ---
  Caminho=[(14, 30), (15, 30), (16, 30), (17, 30), (17, 29), (17, 28), (17, 27), (17, 26), (16, 26)], Custo=89, Visitados=10, Gerados=22


=== Execução 10 ===
Trabalho (início): (26, 1)
Casa (objetivo):   (6, 15)
Farmácias:         [(12, 26), (22, 24), (9, 21), (28, 8)]

--- A* + C1 + H1 (>=1 farmácia) ---
  Caminho=[(26, 1), (26, 2), (26, 3), (26, 4), (26, 5), (26, 6), (26, 7), (27, 7), (27, 8), (28, 8), (27, 8), (26, 8), (25, 8), (24, 8), (23, 8), (22, 8), (21, 8), (20, 8), (19, 8), (18, 8), (17, 8), (16, 8), (15, 8), (14, 8), (13, 8), (12, 8), (12, 9), (11, 9), (11, 10), (10, 10), (10, 11), (9, 11), (9, 12), (8, 12), (8, 13), (7, 13), (7, 14), (6, 14), (6, 15)], Custo=380, Visitados=254, Gerados=332

--- A* + C2 + H1 (>=1 farmácia) ---
  Caminho=[(26, 1), (26, 2), (26, 3), (26, 4), (26, 5), (26, 6), (26, 7), (27, 7), (27, 8), (28, 8), (27, 8), (26, 8), (25, 8), (24, 8), (23, 8), (22, 8), (21, 8), (20, 8), (20, 9), (19, 9), (18, 9), (18, 10), (17, 10), (16, 10), (16, 11), (15, 11), (14, 11), (14, 12), (13, 12), (12, 12), (12, 13), (11, 13), (10, 13), (9, 13), (9, 14), (8, 14), (7, 14), (7, 15), (6, 15)], Custo=500, Visitados=471, Gerados=537

--- A* + C2 + H2 (>=1 farmácia) ---
  Caminho=[(26, 1), (26, 2), (26, 3), (26, 4), (26, 5), (26, 6), (26, 7), (26, 8), (27, 8), (28, 8), (28, 9), (28, 10), (28, 11), (28, 12), (28, 13), (28, 14), (28, 15), (27, 15), (26, 15), (25, 15), (24, 15), (23, 15), (22, 15), (21, 15), (20, 15), (19, 15), (18, 15), (17, 15), (16, 15), (15, 15), (14, 15), (13, 15), (12, 15), (11, 15), (10, 15), (9, 15), (8, 15), (7, 15), (6, 15)], Custo=500, Visitados=336, Gerados=412

--- A* + C3 + H1 (>=1 farmácia) ---
  Caminho=[(26, 1), (27, 1), (27, 2), (27, 3), (27, 4), (27, 5), (27, 6), (28, 6), (28, 7), (28, 8), (27, 8), (26, 8), (25, 8), (24, 8), (23, 8), (23, 9), (22, 9), (21, 9), (20, 9), (19, 9), (19, 10), (19, 11), (18, 11), (17, 11), (16, 11), (15, 11), (15, 12), (15, 13), (14, 13), (13, 13), (12, 13), (11, 13), (11, 14), (11, 15), (10, 15), (9, 15), (8, 15), (7, 15), (6, 15)], Custo=418, Visitados=468, Gerados=559

--- A* + C3 + H2 (>=1 farmácia) ---
  Caminho=[(26, 1), (27, 1), (27, 2), (27, 3), (27, 4), (27, 5), (27, 6), (28, 6), (28, 7), (28, 8), (27, 8), (26, 8), (25, 8), (24, 8), (24, 9), (24, 10), (23, 10), (22, 10), (21, 10), (20, 10), (20, 11), (20, 12), (19, 12), (18, 12), (17, 12), (16, 12), (16, 13), (16, 14), (15, 14), (14, 14), (13, 14), (12, 14), (11, 14), (11, 15), (10, 15), (9, 15), (8, 15), (7, 15), (6, 15)], Custo=418, Visitados=291, Gerados=399

--- A* + C4 + H1 (>=1 farmácia) ---
  Caminho=[(26, 1), (26, 2), (26, 3), (26, 4), (26, 5), (26, 6), (26, 7), (27, 7), (28, 7), (28, 8), (28, 9), (27, 9), (26, 9), (25, 9), (24, 9), (23, 9), (22, 9), (21, 9), (20, 9), (19, 9), (19, 10), (19, 11), (19, 12), (18, 12), (17, 12), (16, 12), (15, 12), (14, 12), (13, 12), (12, 12), (11, 12), (11, 13), (11, 14), (11, 15), (10, 15), (9, 15), (8, 15), (7, 15), (6, 15)], Custo=354, Visitados=347, Gerados=452

--- A* + C4 + H2 (>=1 farmácia) ---
  Caminho=[(26, 1), (26, 2), (26, 3), (26, 4), (26, 5), (26, 6), (27, 6), (28, 6), (28, 7), (28, 8), (28, 9), (28, 10), (28, 11), (28, 12), (27, 12), (26, 12), (25, 12), (24, 12), (23, 12), (22, 12), (22, 13), (22, 14), (22, 15), (21, 15), (20, 15), (19, 15), (18, 15), (17, 15), (16, 15), (15, 15), (14, 15), (13, 15), (12, 15), (11, 15), (10, 15), (9, 15), (8, 15), (7, 15), (6, 15)], Custo=362, Visitados=40, Gerados=111


=== Execução 11 ===
Trabalho (início): (5, 14)
Casa (objetivo):   (4, 22)
Farmácias:         [(19, 26), (11, 12), (13, 9), (11, 15)]

--- A* + C1 + H1 (>=1 farmácia) ---
  Caminho=[(5, 14), (6, 14), (7, 14), (8, 14), (9, 14), (10, 14), (10, 15), (11, 15), (10, 15), (10, 16), (9, 16), (9, 17), (8, 17), (8, 18), (7, 18), (7, 19), (6, 19), (6, 20), (5, 20), (5, 21), (4, 21), (4, 22)], Custo=210, Visitados=86, Gerados=131

--- A* + C2 + H1 (>=1 farmácia) ---
  Caminho=[(5, 14), (6, 14), (7, 14), (8, 14), (9, 14), (10, 14), (10, 15), (11, 15), (11, 16), (11, 17), (11, 18), (11, 19), (10, 19), (10, 20), (9, 20), (8, 20), (7, 20), (7, 21), (6, 21), (5, 21), (5, 22), (4, 22)], Custo=275, Visitados=138, Gerados=192

--- A* + C2 + H2 (>=1 farmácia) ---
  Caminho=[(5, 14), (5, 15), (6, 15), (7, 15), (8, 15), (9, 15), (10, 15), (11, 15), (11, 16), (11, 17), (11, 18), (11, 19), (11, 20), (11, 21), (11, 22), (10, 22), (9, 22), (8, 22), (7, 22), (6, 22), (5, 22), (4, 22)], Custo=275, Visitados=100, Gerados=148

--- A* + C3 + H1 (>=1 farmácia) ---
  Caminho=[(5, 14), (6, 14), (7, 14), (8, 14), (9, 14), (10, 14), (10, 15), (11, 15), (10, 15), (9, 15), (9, 16), (9, 17), (9, 18), (9, 19), (8, 19), (7, 19), (6, 19), (6, 20), (6, 21), (6, 22), (5, 22), (4, 22)], Custo=225, Visitados=110, Gerados=159

--- A* + C3 + H2 (>=1 farmácia) ---
  Caminho=[(5, 14), (6, 14), (7, 14), (8, 14), (9, 14), (10, 14), (10, 15), (11, 15), (10, 15), (9, 15), (9, 16), (9, 17), (9, 18), (9, 19), (8, 19), (7, 19), (6, 19), (6, 20), (6, 21), (6, 22), (5, 22), (4, 22)], Custo=225, Visitados=69, Gerados=126

--- A* + C4 + H1 (>=1 farmácia) ---
  Caminho=[(5, 14), (5, 15), (6, 15), (7, 15), (8, 15), (9, 15), (10, 15), (11, 15), (11, 16), (11, 17), (11, 18), (10, 18), (9, 18), (8, 18), (7, 18), (6, 18), (5, 18), (4, 18), (4, 19), (4, 20), (4, 21), (4, 22)], Custo=199, Visitados=85, Gerados=143

--- A* + C4 + H2 (>=1 farmácia) ---
  Caminho=[(5, 14), (5, 15), (6, 15), (7, 15), (8, 15), (9, 15), (10, 15), (11, 15), (11, 16), (11, 17), (11, 18), (11, 19), (10, 19), (9, 19), (8, 19), (7, 19), (6, 19), (5, 19), (5, 20), (5, 21), (5, 22), (4, 22)], Custo=200, Visitados=24, Gerados=63


=== Execução 12 ===
Trabalho (início): (11, 1)
Casa (objetivo):   (18, 26)
Farmácias:         [(22, 30), (8, 26), (17, 9), (8, 15)]

--- A* + C1 + H1 (>=1 farmácia) ---
  Caminho=[(11, 1), (11, 2), (11, 3), (11, 4), (12, 4), (12, 5), (13, 5), (13, 6), (14, 6), (14, 7), (15, 7), (15, 8), (16, 8), (16, 9), (17, 9), (17, 10), (17, 11), (17, 12), (17, 13), (17, 14), (17, 15), (17, 16), (17, 17), (17, 18), (17, 19), (17, 20), (17, 21), (17, 22), (17, 23), (17, 24), (17, 25), (17, 26), (18, 26)], Custo=320, Visitados=113, Gerados=176

--- A* + C2 + H1 (>=1 farmácia) ---
  Caminho=[(11, 1), (11, 2), (11, 3), (11, 4), (11, 5), (11, 6), (11, 7), (12, 7), (13, 7), (14, 7), (14, 8), (15, 8), (16, 8), (16, 9), (17, 9), (17, 10), (17, 11), (17, 12), (17, 13), (17, 14), (17, 15), (17, 16), (17, 17), (17, 18), (17, 19), (17, 20), (17, 21), (17, 22), (17, 23), (17, 24), (17, 25), (17, 26), (18, 26)], Custo=355, Visitados=129, Gerados=193

--- A* + C2 + H2 (>=1 farmácia) ---
  Caminho=[(11, 1), (11, 2), (11, 3), (11, 4), (11, 5), (11, 6), (11, 7), (11, 8), (11, 9), (12, 9), (13, 9), (14, 9), (15, 9), (16, 9), (17, 9), (17, 10), (17, 11), (17, 12), (17, 13), (17, 14), (17, 15), (17, 16), (17, 17), (17, 18), (17, 19), (17, 20), (17, 21), (17, 22), (17, 23), (17, 24), (17, 25), (17, 26), (18, 26)], Custo=355, Visitados=114, Gerados=179

--- A* + C3 + H1 (>=1 farmácia) ---
  Caminho=[(11, 1), (12, 1), (13, 1), (13, 2), (13, 3), (13, 4), (13, 5), (14, 5), (15, 5), (15, 6), (15, 7), (15, 8), (15, 9), (16, 9), (17, 9), (17, 10), (17, 11), (17, 12), (17, 13), (17, 14), (17, 15), (17, 16), (17, 17), (17, 18), (17, 19), (17, 20), (17, 21), (18, 21), (18, 22), (18, 23), (18, 24), (18, 25), (18, 26)], Custo=323, Visitados=132, Gerados=213

--- A* + C3 + H2 (>=1 farmácia) ---
  Caminho=[(11, 1), (12, 1), (13, 1), (13, 2), (13, 3), (13, 4), (13, 5), (14, 5), (15, 5), (15, 6), (15, 7), (15, 8), (15, 9), (16, 9), (17, 9), (17, 10), (17, 11), (17, 12), (17, 13), (17, 14), (17, 15), (17, 16), (17, 17), (17, 18), (17, 19), (17, 20), (17, 21), (18, 21), (18, 22), (18, 23), (18, 24), (18, 25), (18, 26)], Custo=323, Visitados=93, Gerados=183

--- A* + C4 + H1 (>=1 farmácia) ---
  Caminho=[(11, 1), (11, 2), (11, 3), (11, 4), (11, 5), (12, 5), (13, 5), (14, 5), (15, 5), (16, 5), (17, 5), (17, 6), (17, 7), (17, 8), (17, 9), (17, 10), (17, 11), (17, 12), (17, 13), (17, 14), (17, 15), (17, 16), (17, 17), (17, 18), (18, 18), (18, 19), (18, 20), (18, 21), (18, 22), (18, 23), (18, 24), (18, 25), (18, 26)], Custo=300, Visitados=94, Gerados=175

--- A* + C4 + H2 (>=1 farmácia) ---
  Caminho=[(11, 1), (11, 2), (11, 3), (11, 4), (11, 5), (11, 6), (12, 6), (13, 6), (14, 6), (15, 6), (16, 6), (16, 7), (16, 8), (16, 9), (17, 9), (17, 10), (17, 11), (17, 12), (17, 13), (17, 14), (18, 14), (18, 15), (18, 16), (18, 17), (18, 18), (18, 19), (18, 20), (18, 21), (18, 22), (18, 23), (18, 24), (18, 25), (18, 26)], Custo=306, Visitados=34, Gerados=94


=== Execução 13 ===
Trabalho (início): (5, 24)
Casa (objetivo):   (6, 23)
Farmácias:         [(30, 3), (2, 12), (15, 12), (0, 11)]

--- A* + C1 + H1 (>=1 farmácia) ---
  Caminho=[(5, 24), (5, 23), (5, 22), (5, 21), (5, 20), (5, 19), (5, 18), (5, 17), (5, 16), (5, 15), (4, 15), (4, 14), (3, 14), (3, 13), (2, 13), (2, 12), (2, 13), (2, 14), (2, 15), (2, 16), (2, 17), (2, 18), (2, 19), (2, 20), (3, 20), (3, 21), (4, 21), (4, 22), (5, 22), (5, 23), (6, 23)], Custo=300, Visitados=124, Gerados=183

--- A* + C2 + H1 (>=1 farmácia) ---
  Caminho=[(5, 24), (5, 23), (5, 22), (5, 21), (5, 20), (5, 19), (5, 18), (5, 17), (5, 16), (5, 15), (5, 14), (5, 13), (4, 13), (3, 13), (3, 12), (2, 12), (2, 13), (2, 14), (2, 15), (2, 16), (2, 17), (2, 18), (2, 19), (2, 20), (2, 21), (3, 21), (3, 22), (4, 22), (5, 22), (5, 23), (6, 23)], Custo=335, Visitados=147, Gerados=207

--- A* + C2 + H2 (>=1 farmácia) ---
  Caminho=[(5, 24), (5, 23), (5, 22), (5, 21), (5, 20), (5, 19), (5, 18), (5, 17), (5, 16), (5, 15), (5, 14), (5, 13), (5, 12), (4, 12), (3, 12), (2, 12), (2, 13), (2, 14), (2, 15), (2, 16), (2, 17), (2, 18), (2, 19), (2, 20), (2, 21), (2, 22), (2, 23), (3, 23), (4, 23), (5, 23), (6, 23)], Custo=335, Visitados=102, Gerados=165

--- A* + C3 + H1 (>=1 farmácia) ---
  Caminho=[(5, 24), (4, 24), (4, 23), (4, 22), (4, 21), (4, 20), (4, 19), (3, 19), (3, 18), (3, 17), (3, 16), (3, 15), (3, 14), (2, 14), (2, 13), (2, 12), (3, 12), (3, 13), (3, 14), (3, 15), (3, 16), (3, 17), (4, 17), (4, 18), (4, 19), (4, 20), (4, 21), (4, 22), (5, 22), (6, 22), (6, 23)], Custo=301, Visitados=170, Gerados=235

--- A* + C3 + H2 (>=1 farmácia) ---
  Caminho=[(5, 24), (4, 24), (4, 23), (4, 22), (4, 21), (4, 20), (4, 19), (3, 19), (3, 18), (3, 17), (3, 16), (3, 15), (3, 14), (2, 14), (2, 13), (2, 12), (3, 12), (3, 13), (3, 14), (3, 15), (3, 16), (3, 17), (4, 17), (4, 18), (4, 19), (4, 20), (4, 21), (4, 22), (5, 22), (6, 22), (6, 23)], Custo=301, Visitados=67, Gerados=142

--- A* + C4 + H1 (>=1 farmácia) ---
  Caminho=[(5, 24), (5, 23), (5, 22), (5, 21), (5, 20), (5, 19), (5, 18), (5, 17), (4, 17), (3, 17), (2, 17), (2, 16), (2, 15), (2, 14), (2, 13), (2, 12), (2, 13), (2, 14), (2, 15), (2, 16), (2, 17), (2, 18), (3, 18), (4, 18), (5, 18), (6, 18), (6, 19), (6, 20), (6, 21), (6, 22), (6, 23)], Custo=274, Visitados=91, Gerados=156

--- A* + C4 + H2 (>=1 farmácia) ---
  Caminho=[(5, 24), (5, 23), (5, 22), (5, 21), (5, 20), (4, 20), (3, 20), (2, 20), (2, 19), (2, 18), (2, 17), (2, 16), (2, 15), (2, 14), (2, 13), (2, 12), (2, 13), (2, 14), (2, 15), (2, 16), (2, 17), (3, 17), (4, 17), (5, 17), (6, 17), (6, 18), (6, 19), (6, 20), (6, 21), (6, 22), (6, 23)], Custo=287, Visitados=32, Gerados=88


=== Execução 14 ===
Trabalho (início): (17, 26)
Casa (objetivo):   (4, 22)
Farmácias:         [(16, 12), (28, 18), (6, 26), (21, 30)]

--- A* + C1 + H1 (>=1 farmácia) ---
  Caminho=[(17, 26), (16, 26), (15, 26), (14, 26), (13, 26), (12, 26), (11, 26), (10, 26), (9, 26), (8, 26), (7, 26), (6, 26), (6, 25), (6, 24), (5, 24), (5, 23), (4, 23), (4, 22)], Custo=170, Visitados=22, Gerados=55

--- A* + C2 + H1 (>=1 farmácia) ---
  Caminho=[(17, 26), (16, 26), (15, 26), (14, 26), (13, 26), (12, 26), (11, 26), (10, 26), (9, 26), (8, 26), (7, 26), (6, 26), (6, 25), (6, 24), (6, 23), (5, 23), (5, 22), (4, 22)], Custo=235, Visitados=76, Gerados=117

--- A* + C2 + H2 (>=1 farmácia) ---
  Caminho=[(17, 26), (16, 26), (15, 26), (14, 26), (13, 26), (12, 26), (11, 26), (10, 26), (9, 26), (8, 26), (7, 26), (6, 26), (6, 25), (6, 24), (6, 23), (6, 22), (5, 22), (4, 22)], Custo=235, Visitados=47, Gerados=85

--- A* + C3 + H1 (>=1 farmácia) ---
  Caminho=[(17, 26), (16, 26), (15, 26), (14, 26), (13, 26), (12, 26), (11, 26), (10, 26), (9, 26), (8, 26), (7, 26), (6, 26), (5, 26), (4, 26), (4, 25), (4, 24), (4, 23), (4, 22)], Custo=196, Visitados=55, Gerados=110

--- A* + C3 + H2 (>=1 farmácia) ---
  Caminho=[(17, 26), (16, 26), (15, 26), (14, 26), (13, 26), (12, 26), (11, 26), (10, 26), (9, 26), (8, 26), (7, 26), (6, 26), (5, 26), (4, 26), (4, 25), (4, 24), (4, 23), (4, 22)], Custo=196, Visitados=36, Gerados=82

--- A* + C4 + H1 (>=1 farmácia) ---
  Caminho=[(17, 26), (16, 26), (15, 26), (14, 26), (13, 26), (12, 26), (11, 26), (10, 26), (9, 26), (8, 26), (7, 26), (6, 26), (6, 25), (6, 24), (6, 23), (6, 22), (5, 22), (4, 22)], Custo=169, Visitados=23, Gerados=58

--- A* + C4 + H2 (>=1 farmácia) ---
  Caminho=[(17, 26), (16, 26), (15, 26), (14, 26), (13, 26), (12, 26), (11, 26), (10, 26), (9, 26), (8, 26), (7, 26), (6, 26), (6, 25), (6, 24), (6, 23), (6, 22), (5, 22), (4, 22)], Custo=169, Visitados=19, Gerados=52


=== Execução 15 ===
Trabalho (início): (2, 17)
Casa (objetivo):   (11, 6)
Farmácias:         [(13, 19), (8, 6), (22, 12), (28, 27)]

--- A* + C1 + H1 (>=1 farmácia) ---
  Caminho=[(2, 17), (2, 16), (2, 15), (2, 14), (2, 13), (2, 12), (2, 11), (3, 11), (3, 10), (4, 10), (4, 9), (5, 9), (5, 8), (6, 8), (6, 7), (7, 7), (7, 6), (8, 6), (9, 6), (10, 6), (11, 6)], Custo=200, Visitados=99, Gerados=135

--- A* + C2 + H1 (>=1 farmácia) ---
  Caminho=[(2, 17), (2, 16), (2, 15), (2, 14), (2, 13), (2, 12), (2, 11), (2, 10), (2, 9), (2, 8), (3, 8), (4, 8), (5, 8), (5, 7), (6, 7), (7, 7), (7, 6), (8, 6), (9, 6), (10, 6), (11, 6)], Custo=245, Visitados=120, Gerados=157

--- A* + C2 + H2 (>=1 farmácia) ---
  Caminho=[(2, 17), (2, 16), (2, 15), (2, 14), (2, 13), (2, 12), (2, 11), (2, 10), (2, 9), (2, 8), (2, 7), (2, 6), (3, 6), (4, 6), (5, 6), (6, 6), (7, 6), (8, 6), (9, 6), (10, 6), (11, 6)], Custo=245, Visitados=95, Gerados=137

--- A* + C3 + H1 (>=1 farmácia) ---
  Caminho=[(2, 17), (3, 17), (4, 17), (4, 16), (4, 15), (4, 14), (4, 13), (5, 13), (6, 13), (6, 12), (6, 11), (6, 10), (6, 9), (7, 9), (8, 9), (8, 8), (8, 7), (8, 6), (9, 6), (10, 6), (11, 6)], Custo=206, Visitados=143, Gerados=185

--- A* + C3 + H2 (>=1 farmácia) ---
  Caminho=[(2, 17), (3, 17), (4, 17), (4, 16), (4, 15), (4, 14), (4, 13), (5, 13), (6, 13), (6, 12), (6, 11), (6, 10), (6, 9), (7, 9), (8, 9), (8, 8), (8, 7), (8, 6), (9, 6), (10, 6), (11, 6)], Custo=206, Visitados=86, Gerados=146

--- A* + C4 + H1 (>=1 farmácia) ---
  Caminho=[(2, 17), (2, 16), (2, 15), (2, 14), (2, 13), (2, 12), (3, 12), (4, 12), (5, 12), (6, 12), (7, 12), (7, 11), (7, 10), (7, 9), (7, 8), (7, 7), (7, 6), (8, 6), (9, 6), (10, 6), (11, 6)], Custo=193, Visitados=100, Gerados=141

--- A* + C4 + H2 (>=1 farmácia) ---
  Caminho=[(2, 17), (2, 16), (2, 15), (2, 14), (2, 13), (2, 12), (3, 12), (4, 12), (5, 12), (6, 12), (7, 12), (7, 11), (7, 10), (7, 9), (7, 8), (7, 7), (7, 6), (8, 6), (9, 6), (10, 6), (11, 6)], Custo=193, Visitados=22, Gerados=60


=== Execução 16 ===
Trabalho (início): (16, 20)
Casa (objetivo):   (22, 11)
Farmácias:         [(22, 1), (16, 21), (19, 2), (12, 14)]

--- A* + C1 + H1 (>=1 farmácia) ---
  Caminho=[(16, 20), (16, 21), (16, 20), (16, 19), (16, 18), (16, 17), (16, 16), (17, 16), (17, 15), (18, 15), (18, 14), (19, 14), (19, 13), (20, 13), (20, 12), (21, 12), (21, 11), (22, 11)], Custo=170, Visitados=89, Gerados=125

--- A* + C2 + H1 (>=1 farmácia) ---
  Caminho=[(16, 20), (16, 21), (16, 20), (16, 19), (16, 18), (16, 17), (16, 16), (16, 15), (16, 14), (16, 13), (17, 13), (18, 13), (19, 13), (19, 12), (20, 12), (21, 12), (21, 11), (22, 11)], Custo=200, Visitados=112, Gerados=151

--- A* + C2 + H2 (>=1 farmácia) ---
  Caminho=[(16, 20), (16, 21), (16, 20), (16, 19), (16, 18), (16, 17), (16, 16), (16, 15), (16, 14), (16, 13), (16, 12), (16, 11), (17, 11), (18, 11), (19, 11), (20, 11), (21, 11), (22, 11)], Custo=200, Visitados=86, Gerados=122

--- A* + C3 + H1 (>=1 farmácia) ---
  Caminho=[(16, 20), (16, 21), (17, 21), (18, 21), (18, 20), (18, 19), (18, 18), (18, 17), (19, 17), (20, 17), (20, 16), (20, 15), (20, 14), (20, 13), (21, 13), (22, 13), (22, 12), (22, 11)], Custo=173, Visitados=128, Gerados=169

--- A* + C3 + H2 (>=1 farmácia) ---
  Caminho=[(16, 20), (16, 21), (17, 21), (18, 21), (18, 20), (18, 19), (18, 18), (18, 17), (19, 17), (20, 17), (20, 16), (20, 15), (20, 14), (20, 13), (21, 13), (22, 13), (22, 12), (22, 11)], Custo=173, Visitados=75, Gerados=126

--- A* + C4 + H1 (>=1 farmácia) ---
  Caminho=[(16, 20), (16, 21), (16, 20), (16, 19), (16, 18), (16, 17), (16, 16), (17, 16), (18, 16), (19, 16), (20, 16), (21, 16), (21, 15), (21, 14), (21, 13), (21, 12), (21, 11), (22, 11)], Custo=155, Visitados=88, Gerados=125

--- A* + C4 + H2 (>=1 farmácia) ---
  Caminho=[(16, 20), (16, 21), (16, 20), (16, 19), (16, 18), (16, 17), (16, 16), (17, 16), (18, 16), (19, 16), (20, 16), (21, 16), (21, 15), (21, 14), (21, 13), (21, 12), (21, 11), (22, 11)], Custo=155, Visitados=19, Gerados=51


=== Execução 17 ===
Trabalho (início): (11, 1)
Casa (objetivo):   (2, 17)
Farmácias:         [(11, 22), (7, 5), (21, 27), (21, 7)]

--- A* + C1 + H1 (>=1 farmácia) ---
  Caminho=[(11, 1), (10, 1), (10, 2), (9, 2), (9, 3), (8, 3), (8, 4), (7, 4), (7, 5), (7, 6), (7, 7), (7, 8), (7, 9), (7, 10), (7, 11), (7, 12), (6, 12), (6, 13), (5, 13), (5, 14), (4, 14), (4, 15), (3, 15), (3, 16), (2, 16), (2, 17)], Custo=250, Visitados=119, Gerados=170

--- A* + C2 + H1 (>=1 farmácia) ---
  Caminho=[(11, 1), (11, 2), (11, 3), (10, 3), (10, 4), (9, 4), (8, 4), (8, 5), (7, 5), (7, 6), (7, 7), (7, 8), (7, 9), (7, 10), (7, 11), (7, 12), (7, 13), (7, 14), (7, 15), (6, 15), (5, 15), (5, 16), (4, 16), (3, 16), (3, 17), (2, 17)], Custo=295, Visitados=152, Gerados=208

--- A* + C2 + H2 (>=1 farmácia) ---
  Caminho=[(11, 1), (11, 2), (11, 3), (11, 4), (11, 5), (10, 5), (9, 5), (8, 5), (7, 5), (7, 6), (7, 7), (7, 8), (7, 9), (7, 10), (7, 11), (7, 12), (7, 13), (7, 14), (7, 15), (7, 16), (7, 17), (6, 17), (5, 17), (4, 17), (3, 17), (2, 17)], Custo=295, Visitados=105, Gerados=159

--- A* + C3 + H1 (>=1 farmácia) ---
  Caminho=[(11, 1), (10, 1), (9, 1), (9, 2), (9, 3), (9, 4), (9, 5), (8, 5), (7, 5), (6, 5), (6, 6), (6, 7), (6, 8), (6, 9), (6, 10), (5, 10), (4, 10), (4, 11), (4, 12), (4, 13), (4, 14), (3, 14), (2, 14), (2, 15), (2, 16), (2, 17)], Custo=254, Visitados=161, Gerados=220

--- A* + C3 + H2 (>=1 farmácia) ---
  Caminho=[(11, 1), (10, 1), (9, 1), (9, 2), (9, 3), (9, 4), (9, 5), (8, 5), (7, 5), (6, 5), (6, 6), (6, 7), (6, 8), (6, 9), (6, 10), (5, 10), (4, 10), (4, 11), (4, 12), (4, 13), (4, 14), (3, 14), (2, 14), (2, 15), (2, 16), (2, 17)], Custo=254, Visitados=73, Gerados=161

--- A* + C4 + H1 (>=1 farmácia) ---
  Caminho=[(11, 1), (11, 2), (11, 3), (11, 4), (10, 4), (9, 4), (8, 4), (7, 4), (7, 5), (7, 6), (7, 7), (7, 8), (7, 9), (7, 10), (6, 10), (5, 10), (4, 10), (3, 10), (2, 10), (2, 11), (2, 12), (2, 13), (2, 14), (2, 15), (2, 16), (2, 17)], Custo=233, Visitados=101, Gerados=156

--- A* + C4 + H2 (>=1 farmácia) ---
  Caminho=[(11, 1), (11, 2), (11, 3), (11, 4), (11, 5), (10, 5), (9, 5), (8, 5), (7, 5), (7, 6), (7, 7), (7, 8), (7, 9), (6, 9), (5, 9), (4, 9), (3, 9), (2, 9), (2, 10), (2, 11), (2, 12), (2, 13), (2, 14), (2, 15), (2, 16), (2, 17)], Custo=234, Visitados=27, Gerados=74


=== Execução 18 ===
Trabalho (início): (23, 23)
Casa (objetivo):   (28, 10)
Farmácias:         [(23, 10), (21, 21), (21, 8), (26, 15)]

--- A* + C1 + H1 (>=1 farmácia) ---
  Caminho=[(23, 23), (23, 22), (23, 21), (23, 20), (23, 19), (23, 18), (23, 17), (23, 16), (23, 15), (23, 14), (23, 13), (23, 12), (23, 11), (23, 10), (24, 10), (25, 10), (26, 10), (27, 10), (28, 10)], Custo=180, Visitados=20, Gerados=56

--- A* + C2 + H1 (>=1 farmácia) ---
  Caminho=[(23, 23), (23, 22), (23, 21), (23, 20), (23, 19), (23, 18), (23, 17), (23, 16), (23, 15), (23, 14), (23, 13), (23, 12), (23, 11), (23, 10), (24, 10), (25, 10), (26, 10), (27, 10), (28, 10)], Custo=205, Visitados=29, Gerados=69

--- A* + C2 + H2 (>=1 farmácia) ---
  Caminho=[(23, 23), (23, 22), (23, 21), (23, 20), (23, 19), (23, 18), (23, 17), (23, 16), (23, 15), (23, 14), (23, 13), (23, 12), (23, 11), (23, 10), (24, 10), (25, 10), (26, 10), (27, 10), (28, 10)], Custo=205, Visitados=25, Gerados=63

--- A* + C3 + H1 (>=1 farmácia) ---
  Caminho=[(23, 23), (24, 23), (24, 22), (24, 21), (24, 20), (24, 19), (24, 18), (25, 18), (26, 18), (26, 17), (26, 16), (26, 15), (27, 15), (27, 14), (27, 13), (27, 12), (27, 11), (27, 10), (28, 10)], Custo=181, Visitados=72, Gerados=116

--- A* + C3 + H2 (>=1 farmácia) ---
  Caminho=[(23, 23), (24, 23), (24, 22), (24, 21), (24, 20), (24, 19), (24, 18), (25, 18), (26, 18), (26, 17), (26, 16), (26, 15), (27, 15), (27, 14), (27, 13), (27, 12), (27, 11), (27, 10), (28, 10)], Custo=181, Visitados=47, Gerados=102

--- A* + C4 + H1 (>=1 farmácia) ---
  Caminho=[(23, 23), (23, 22), (23, 21), (23, 20), (23, 19), (23, 18), (23, 17), (24, 17), (25, 17), (25, 16), (26, 16), (26, 15), (26, 14), (26, 13), (26, 12), (26, 11), (27, 11), (28, 11), (28, 10)], Custo=169, Visitados=32, Gerados=64

--- A* + C4 + H2 (>=1 farmácia) ---
  Caminho=[(23, 23), (23, 22), (23, 21), (23, 20), (23, 19), (23, 18), (24, 18), (25, 18), (26, 18), (26, 17), (26, 16), (26, 15), (26, 14), (26, 13), (26, 12), (26, 11), (26, 10), (27, 10), (28, 10)], Custo=171, Visitados=20, Gerados=53


=== Execução 19 ===
Trabalho (início): (19, 23)
Casa (objetivo):   (28, 13)
Farmácias:         [(27, 7), (23, 12), (8, 25), (24, 15)]

--- A* + C1 + H1 (>=1 farmácia) ---
  Caminho=[(19, 23), (19, 22), (19, 21), (19, 20), (19, 19), (20, 19), (20, 18), (21, 18), (21, 17), (22, 17), (22, 16), (23, 16), (23, 15), (24, 15), (25, 15), (26, 15), (26, 14), (27, 14), (27, 13), (28, 13)], Custo=190, Visitados=72, Gerados=113

--- A* + C2 + H1 (>=1 farmácia) ---
  Caminho=[(19, 23), (19, 22), (19, 21), (19, 20), (19, 19), (19, 18), (19, 17), (20, 17), (21, 17), (21, 16), (22, 16), (23, 16), (23, 15), (24, 15), (25, 15), (25, 14), (26, 14), (27, 14), (27, 13), (28, 13)], Custo=235, Visitados=96, Gerados=142

--- A* + C2 + H2 (>=1 farmácia) ---
  Caminho=[(19, 23), (19, 22), (19, 21), (19, 20), (19, 19), (19, 18), (19, 17), (19, 16), (19, 15), (20, 15), (21, 15), (22, 15), (23, 15), (24, 15), (24, 14), (24, 13), (25, 13), (26, 13), (27, 13), (28, 13)], Custo=235, Visitados=74, Gerados=116

--- A* + C3 + H1 (>=1 farmácia) ---
  Caminho=[(19, 23), (20, 23), (21, 23), (21, 22), (21, 21), (21, 20), (21, 19), (22, 19), (23, 19), (23, 18), (23, 17), (23, 16), (23, 15), (24, 15), (25, 15), (26, 15), (27, 15), (28, 15), (28, 14), (28, 13)], Custo=198, Visitados=100, Gerados=148

--- A* + C3 + H2 (>=1 farmácia) ---
  Caminho=[(19, 23), (20, 23), (21, 23), (21, 22), (21, 21), (21, 20), (21, 19), (22, 19), (23, 19), (23, 18), (23, 17), (23, 16), (23, 15), (24, 15), (25, 15), (26, 15), (27, 15), (28, 15), (28, 14), (28, 13)], Custo=198, Visitados=67, Gerados=120

--- A* + C4 + H1 (>=1 farmácia) ---
  Caminho=[(19, 23), (19, 22), (19, 21), (19, 20), (19, 19), (19, 18), (20, 18), (21, 18), (22, 18), (23, 18), (24, 18), (24, 17), (24, 16), (24, 15), (24, 14), (24, 13), (25, 13), (26, 13), (27, 13), (28, 13)], Custo=177, Visitados=66, Gerados=122

--- A* + C4 + H2 (>=1 farmácia) ---
  Caminho=[(19, 23), (19, 22), (19, 21), (19, 20), (19, 19), (19, 18), (20, 18), (21, 18), (22, 18), (23, 18), (24, 18), (24, 17), (24, 16), (24, 15), (24, 14), (24, 13), (25, 13), (26, 13), (27, 13), (28, 13)], Custo=177, Visitados=22, Gerados=56


=== Execução 20 ===
Trabalho (início): (23, 27)
Casa (objetivo):   (27, 5)
Farmácias:         [(9, 9), (19, 3), (1, 0), (16, 27)]

--- A* + C1 + H1 (>=1 farmácia) ---
  Caminho=[(23, 27), (23, 26), (23, 25), (23, 24), (23, 23), (23, 22), (23, 21), (23, 20), (23, 19), (23, 18), (23, 17), (23, 16), (23, 15), (23, 14), (23, 13), (23, 12), (23, 11), (23, 10), (23, 9), (23, 8), (23, 7), (22, 7), (22, 6), (21, 6), (21, 5), (20, 5), (20, 4), (19, 4), (19, 3), (20, 3), (21, 3), (22, 3), (23, 3), (24, 3), (25, 3), (25, 4), (26, 4), (26, 5), (27, 5)], Custo=380, Visitados=171, Gerados=250

--- A* + C2 + H1 (>=1 farmácia) ---
  Caminho=[(23, 27), (23, 26), (23, 25), (23, 24), (23, 23), (23, 22), (23, 21), (23, 20), (23, 19), (23, 18), (23, 17), (23, 16), (23, 15), (23, 14), (23, 13), (23, 12), (23, 11), (23, 10), (23, 9), (23, 8), (23, 7), (23, 6), (23, 5), (22, 5), (22, 4), (21, 4), (20, 4), (20, 3), (19, 3), (20, 3), (21, 3), (22, 3), (23, 3), (24, 3), (24, 4), (25, 4), (26, 4), (26, 5), (27, 5)], Custo=440, Visitados=224, Gerados=308

--- A* + C2 + H2 (>=1 farmácia) ---
  Caminho=[(23, 27), (23, 26), (23, 25), (23, 24), (23, 23), (23, 22), (23, 21), (23, 20), (23, 19), (23, 18), (23, 17), (23, 16), (23, 15), (23, 14), (23, 13), (23, 12), (23, 11), (23, 10), (23, 9), (23, 8), (23, 7), (23, 6), (23, 5), (23, 4), (23, 3), (22, 3), (21, 3), (20, 3), (19, 3), (19, 4), (19, 5), (20, 5), (21, 5), (22, 5), (23, 5), (24, 5), (25, 5), (26, 5), (27, 5)], Custo=440, Visitados=143, Gerados=224

--- A* + C3 + H1 (>=1 farmácia) ---
  Caminho=[(23, 27), (23, 26), (23, 25), (23, 24), (23, 23), (23, 22), (23, 21), (22, 21), (22, 20), (22, 19), (22, 18), (22, 17), (22, 16), (21, 16), (21, 15), (21, 14), (21, 13), (21, 12), (21, 11), (20, 11), (20, 10), (20, 9), (20, 8), (20, 7), (20, 6), (19, 6), (19, 5), (19, 4), (19, 3), (20, 3), (21, 3), (22, 3), (23, 3), (23, 4), (23, 5), (24, 5), (25, 5), (26, 5), (27, 5)], Custo=392, Visitados=263, Gerados=351

--- A* + C3 + H2 (>=1 farmácia) ---
  Caminho=[(23, 27), (22, 27), (22, 26), (22, 25), (22, 24), (22, 23), (22, 22), (21, 22), (21, 21), (21, 20), (21, 19), (21, 18), (21, 17), (20, 17), (20, 16), (20, 15), (20, 14), (20, 13), (20, 12), (19, 12), (19, 11), (19, 10), (19, 9), (19, 8), (19, 7), (19, 6), (19, 5), (19, 4), (19, 3), (20, 3), (21, 3), (22, 3), (23, 3), (23, 4), (23, 5), (24, 5), (25, 5), (26, 5), (27, 5)], Custo=392, Visitados=61, Gerados=131

--- A* + C4 + H1 (>=1 farmácia) ---
  Caminho=[(23, 27), (23, 26), (23, 25), (23, 24), (23, 23), (23, 22), (23, 21), (23, 20), (23, 19), (22, 19), (21, 19), (21, 18), (21, 17), (21, 16), (21, 15), (21, 14), (21, 13), (21, 12), (21, 11), (21, 10), (20, 10), (19, 10), (19, 9), (19, 8), (19, 7), (19, 6), (19, 5), (19, 4), (19, 3), (19, 4), (20, 4), (21, 4), (22, 4), (23, 4), (24, 4), (25, 4), (26, 4), (27, 4), (27, 5)], Custo=358, Visitados=147, Gerados=248

--- A* + C4 + H2 (>=1 farmácia) ---
  Caminho=[(23, 27), (23, 26), (23, 25), (23, 24), (23, 23), (22, 23), (21, 23), (20, 23), (19, 23), (19, 22), (19, 21), (19, 20), (19, 19), (19, 18), (19, 17), (19, 16), (19, 15), (19, 14), (19, 13), (19, 12), (19, 11), (19, 10), (19, 9), (19, 8), (19, 7), (19, 6), (19, 5), (19, 4), (19, 3), (19, 4), (19, 5), (20, 5), (21, 5), (22, 5), (23, 5), (24, 5), (25, 5), (26, 5), (27, 5)], Custo=362, Visitados=41, Gerados=113


=== Execução 21 ===
Trabalho (início): (1, 2)
Casa (objetivo):   (25, 6)
Farmácias:         [(23, 0), (9, 25), (26, 29), (20, 12)]

--- A* + C1 + H1 (>=1 farmácia) ---
  Caminho=[(1, 2), (2, 2), (3, 2), (4, 2), (5, 2), (6, 2), (7, 2), (8, 2), (9, 2), (10, 2), (11, 2), (12, 2), (13, 2), (14, 2), (15, 2), (16, 2), (17, 2), (18, 2), (19, 2), (20, 2), (21, 2), (21, 1), (22, 1), (22, 0), (23, 0), (23, 1), (23, 2), (23, 3), (23, 4), (23, 5), (24, 5), (24, 6), (25, 6)], Custo=320, Visitados=110, Gerados=151

--- A* + C2 + H1 (>=1 farmácia) ---
  Caminho=[(1, 2), (2, 2), (3, 2), (4, 2), (5, 2), (6, 2), (7, 2), (8, 2), (9, 2), (10, 2), (11, 2), (12, 2), (13, 2), (14, 2), (15, 2), (16, 2), (17, 2), (18, 2), (19, 2), (20, 2), (20, 1), (21, 1), (22, 1), (22, 0), (23, 0), (23, 1), (23, 2), (23, 3), (23, 4), (23, 5), (24, 5), (24, 6), (25, 6)], Custo=440, Visitados=213, Gerados=251

--- A* + C2 + H2 (>=1 farmácia) ---
  Caminho=[(1, 2), (1, 1), (1, 0), (2, 0), (3, 0), (4, 0), (5, 0), (6, 0), (7, 0), (8, 0), (9, 0), (10, 0), (11, 0), (12, 0), (13, 0), (14, 0), (15, 0), (16, 0), (17, 0), (18, 0), (19, 0), (20, 0), (21, 0), (22, 0), (23, 0), (23, 1), (23, 2), (23, 3), (23, 4), (23, 5), (23, 6), (24, 6), (25, 6)], Custo=440, Visitados=150, Gerados=188

--- A* + C3 + H1 (>=1 farmácia) ---
  Caminho=[(1, 2), (2, 2), (3, 2), (4, 2), (5, 2), (6, 2), (7, 2), (8, 2), (9, 2), (10, 2), (11, 2), (12, 2), (12, 1), (13, 1), (14, 1), (15, 1), (16, 1), (17, 1), (17, 0), (18, 0), (19, 0), (20, 0), (21, 0), (22, 0), (23, 0), (24, 0), (24, 1), (24, 2), (24, 3), (24, 4), (24, 5), (25, 5), (25, 6)], Custo=370, Visitados=232, Gerados=281

--- A* + C3 + H2 (>=1 farmácia) ---
  Caminho=[(1, 2), (2, 2), (3, 2), (4, 2), (5, 2), (6, 2), (6, 1), (7, 1), (8, 1), (9, 1), (10, 1), (11, 1), (11, 0), (12, 0), (13, 0), (14, 0), (15, 0), (16, 0), (17, 0), (18, 0), (19, 0), (20, 0), (21, 0), (22, 0), (23, 0), (24, 0), (24, 1), (24, 2), (24, 3), (24, 4), (24, 5), (25, 5), (25, 6)], Custo=370, Visitados=139, Gerados=191

--- A* + C4 + H1 (>=1 farmácia) ---
  Caminho=[(1, 2), (2, 2), (3, 2), (4, 2), (5, 2), (6, 2), (7, 2), (8, 2), (9, 2), (10, 2), (11, 2), (11, 1), (12, 1), (13, 1), (14, 1), (15, 1), (16, 1), (17, 1), (18, 1), (19, 1), (20, 1), (21, 1), (21, 0), (22, 0), (23, 0), (23, 1), (23, 2), (23, 3), (23, 4), (23, 5), (24, 5), (25, 5), (25, 6)], Custo=314, Visitados=83, Gerados=161

--- A* + C4 + H2 (>=1 farmácia) ---
  Caminho=[(1, 2), (1, 1), (1, 0), (2, 0), (3, 0), (4, 0), (5, 0), (6, 0), (7, 0), (8, 0), (9, 0), (10, 0), (11, 0), (12, 0), (13, 0), (14, 0), (15, 0), (16, 0), (17, 0), (18, 0), (19, 0), (20, 0), (21, 0), (22, 0), (23, 0), (23, 1), (23, 2), (23, 3), (23, 4), (23, 5), (24, 5), (25, 5), (25, 6)], Custo=317, Visitados=35, Gerados=73


=== Execução 22 ===
Trabalho (início): (6, 2)
Casa (objetivo):   (24, 27)
Farmácias:         [(12, 10), (13, 21), (28, 28), (8, 15)]

--- A* + C1 + H1 (>=1 farmácia) ---
  Caminho=[(6, 2), (6, 3), (6, 4), (6, 5), (7, 5), (7, 6), (8, 6), (8, 7), (9, 7), (9, 8), (10, 8), (10, 9), (11, 9), (11, 10), (12, 10), (12, 11), (12, 12), (12, 13), (12, 14), (12, 15), (12, 16), (13, 16), (13, 17), (14, 17), (14, 18), (15, 18), (15, 19), (16, 19), (16, 20), (17, 20), (17, 21), (18, 21), (18, 22), (19, 22), (19, 23), (20, 23), (20, 24), (21, 24), (21, 25), (22, 25), (22, 26), (23, 26), (23, 27), (24, 27)], Custo=430, Visitados=387, Gerados=480

--- A* + C2 + H1 (>=1 farmácia) ---
  Caminho=[(6, 2), (6, 3), (6, 4), (6, 5), (6, 6), (6, 7), (6, 8), (7, 8), (8, 8), (9, 8), (9, 9), (10, 9), (11, 9), (11, 10), (12, 10), (12, 11), (12, 12), (12, 13), (12, 14), (12, 15), (12, 16), (12, 17), (12, 18), (12, 19), (12, 20), (12, 21), (12, 22), (13, 22), (14, 22), (14, 23), (15, 23), (16, 23), (16, 24), (17, 24), (18, 24), (18, 25), (19, 25), (20, 25), (21, 25), (21, 26), (22, 26), (23, 26), (23, 27), (24, 27)], Custo=520, Visitados=502, Gerados=595

--- A* + C2 + H2 (>=1 farmácia) ---
  Caminho=[(6, 2), (6, 3), (6, 4), (6, 5), (6, 6), (6, 7), (6, 8), (6, 9), (6, 10), (7, 10), (8, 10), (9, 10), (10, 10), (11, 10), (12, 10), (12, 11), (12, 12), (12, 13), (12, 14), (12, 15), (12, 16), (12, 17), (12, 18), (12, 19), (12, 20), (12, 21), (12, 22), (12, 23), (12, 24), (12, 25), (12, 26), (12, 27), (13, 27), (14, 27), (15, 27), (16, 27), (17, 27), (18, 27), (19, 27), (20, 27), (21, 27), (22, 27), (23, 27), (24, 27)], Custo=520, Visitados=380, Gerados=475

--- A* + C3 + H1 (>=1 farmácia) ---
  Caminho=[(6, 2), (7, 2), (8, 2), (8, 3), (8, 4), (8, 5), (8, 6), (9, 6), (10, 6), (10, 7), (10, 8), (10, 9), (10, 10), (11, 10), (12, 10), (13, 10), (14, 10), (14, 11), (14, 12), (14, 13), (14, 14), (15, 14), (16, 14), (16, 15), (16, 16), (16, 17), (16, 18), (17, 18), (18, 18), (18, 19), (18, 20), (18, 21), (18, 22), (19, 22), (20, 22), (21, 22), (21, 23), (21, 24), (21, 25), (22, 25), (23, 25), (24, 25), (24, 26), (24, 27)], Custo=442, Visitados=516, Gerados=622

--- A* + C3 + H2 (>=1 farmácia) ---
  Caminho=[(6, 2), (7, 2), (8, 2), (8, 3), (8, 4), (8, 5), (8, 6), (9, 6), (10, 6), (10, 7), (10, 8), (10, 9), (10, 10), (11, 10), (12, 10), (13, 10), (14, 10), (14, 11), (14, 12), (14, 13), (14, 14), (15, 14), (16, 14), (16, 15), (16, 16), (16, 17), (16, 18), (17, 18), (18, 18), (18, 19), (18, 20), (18, 21), (18, 22), (19, 22), (20, 22), (21, 22), (21, 23), (21, 24), (21, 25), (22, 25), (23, 25), (24, 25), (24, 26), (24, 27)], Custo=442, Visitados=329, Gerados=441

--- A* + C4 + H1 (>=1 farmácia) ---
  Caminho=[(6, 2), (6, 3), (6, 4), (6, 5), (6, 6), (7, 6), (8, 6), (9, 6), (10, 6), (11, 6), (12, 6), (12, 7), (12, 8), (12, 9), (12, 10), (12, 11), (12, 12), (12, 13), (12, 14), (12, 15), (13, 15), (14, 15), (15, 15), (16, 15), (17, 15), (17, 16), (17, 17), (17, 18), (17, 19), (17, 20), (17, 21), (18, 21), (19, 21), (20, 21), (21, 21), (22, 21), (22, 22), (22, 23), (22, 24), (22, 25), (22, 26), (23, 26), (24, 26), (24, 27)], Custo=384, Visitados=365, Gerados=476

--- A* + C4 + H2 (>=1 farmácia) ---
  Caminho=[(6, 2), (6, 3), (6, 4), (6, 5), (6, 6), (6, 7), (7, 7), (8, 7), (9, 7), (10, 7), (11, 7), (11, 8), (11, 9), (11, 10), (12, 10), (12, 11), (12, 12), (12, 13), (12, 14), (12, 15), (13, 15), (14, 15), (15, 15), (16, 15), (17, 15), (17, 16), (17, 17), (17, 18), (17, 19), (17, 20), (17, 21), (18, 21), (19, 21), (20, 21), (21, 21), (22, 21), (22, 22), (22, 23), (22, 24), (22, 25), (22, 26), (22, 27), (23, 27), (24, 27)], Custo=384, Visitados=45, Gerados=124


=== Execução 23 ===
Trabalho (início): (8, 24)
Casa (objetivo):   (16, 10)
Farmácias:         [(30, 4), (22, 1), (3, 29), (8, 6)]

--- A* + C1 + H1 (>=1 farmácia) ---
  Caminho=[(8, 24), (8, 23), (8, 22), (8, 21), (8, 20), (8, 19), (8, 18), (8, 17), (8, 16), (8, 15), (8, 14), (8, 13), (8, 12), (8, 11), (8, 10), (8, 9), (8, 8), (8, 7), (8, 6), (9, 6), (10, 6), (11, 6), (12, 6), (12, 7), (13, 7), (13, 8), (14, 8), (14, 9), (15, 9), (15, 10), (16, 10)], Custo=300, Visitados=73, Gerados=136

--- A* + C2 + H1 (>=1 farmácia) ---
  Caminho=[(8, 24), (8, 23), (8, 22), (8, 21), (8, 20), (8, 19), (8, 18), (8, 17), (8, 16), (8, 15), (8, 14), (8, 13), (8, 12), (8, 11), (8, 10), (8, 9), (8, 8), (8, 7), (8, 6), (8, 7), (9, 7), (10, 7), (10, 8), (11, 8), (12, 8), (13, 8), (13, 9), (14, 9), (15, 9), (15, 10), (16, 10)], Custo=340, Visitados=104, Gerados=172

--- A* + C2 + H2 (>=1 farmácia) ---
  Caminho=[(8, 24), (8, 23), (8, 22), (8, 21), (8, 20), (8, 19), (8, 18), (8, 17), (8, 16), (8, 15), (8, 14), (8, 13), (8, 12), (8, 11), (8, 10), (8, 9), (8, 8), (8, 7), (8, 6), (8, 7), (8, 8), (8, 9), (8, 10), (9, 10), (10, 10), (11, 10), (12, 10), (13, 10), (14, 10), (15, 10), (16, 10)], Custo=340, Visitados=81, Gerados=146

--- A* + C3 + H1 (>=1 farmácia) ---
  Caminho=[(8, 24), (8, 23), (8, 22), (8, 21), (8, 20), (8, 19), (8, 18), (8, 17), (8, 16), (8, 15), (8, 14), (8, 13), (8, 12), (8, 11), (8, 10), (8, 9), (8, 8), (8, 7), (8, 6), (9, 6), (10, 6), (11, 6), (12, 6), (12, 7), (12, 8), (13, 8), (14, 8), (15, 8), (16, 8), (16, 9), (16, 10)], Custo=312, Visitados=93, Gerados=164

--- A* + C3 + H2 (>=1 farmácia) ---
  Caminho=[(8, 24), (8, 23), (8, 22), (8, 21), (8, 20), (8, 19), (8, 18), (8, 17), (8, 16), (8, 15), (8, 14), (8, 13), (8, 12), (8, 11), (8, 10), (8, 9), (8, 8), (8, 7), (8, 6), (9, 6), (10, 6), (11, 6), (12, 6), (12, 7), (12, 8), (13, 8), (14, 8), (15, 8), (16, 8), (16, 9), (16, 10)], Custo=312, Visitados=76, Gerados=141

--- A* + C4 + H1 (>=1 farmácia) ---
  Caminho=[(8, 24), (8, 23), (8, 22), (8, 21), (8, 20), (8, 19), (8, 18), (8, 17), (8, 16), (8, 15), (8, 14), (8, 13), (8, 12), (8, 11), (8, 10), (8, 9), (8, 8), (8, 7), (8, 6), (8, 7), (8, 8), (9, 8), (10, 8), (11, 8), (12, 8), (13, 8), (14, 8), (15, 8), (16, 8), (16, 9), (16, 10)], Custo=288, Visitados=46, Gerados=110

--- A* + C4 + H2 (>=1 farmácia) ---
  Caminho=[(8, 24), (8, 23), (8, 22), (8, 21), (8, 20), (8, 19), (8, 18), (8, 17), (8, 16), (8, 15), (8, 14), (8, 13), (8, 12), (8, 11), (8, 10), (8, 9), (8, 8), (8, 7), (8, 6), (8, 7), (8, 8), (8, 9), (8, 10), (9, 10), (10, 10), (11, 10), (12, 10), (13, 10), (14, 10), (15, 10), (16, 10)], Custo=294, Visitados=32, Gerados=91


=== Execução 24 ===
Trabalho (início): (20, 30)
Casa (objetivo):   (27, 24)
Farmácias:         [(19, 7), (6, 14), (17, 25), (6, 9)]

--- A* + C1 + H1 (>=1 farmácia) ---
  Caminho=[(20, 30), (20, 29), (20, 28), (19, 28), (19, 27), (18, 27), (18, 26), (17, 26), (17, 25), (18, 25), (19, 25), (20, 25), (21, 25), (22, 25), (23, 25), (24, 25), (25, 25), (26, 25), (26, 24), (27, 24)], Custo=190, Visitados=40, Gerados=74

--- A* + C2 + H1 (>=1 farmácia) ---
  Caminho=[(20, 30), (20, 29), (20, 28), (20, 27), (20, 26), (19, 26), (18, 26), (18, 25), (17, 25), (18, 25), (19, 25), (20, 25), (21, 25), (22, 25), (23, 25), (24, 25), (25, 25), (26, 25), (26, 24), (27, 24)], Custo=255, Visitados=93, Gerados=137

--- A* + C2 + H2 (>=1 farmácia) ---
  Caminho=[(20, 30), (20, 29), (20, 28), (20, 27), (20, 26), (20, 25), (19, 25), (18, 25), (17, 25), (17, 24), (18, 24), (19, 24), (20, 24), (21, 24), (22, 24), (23, 24), (24, 24), (25, 24), (26, 24), (27, 24)], Custo=255, Visitados=66, Gerados=105

--- A* + C3 + H1 (>=1 farmácia) ---
  Caminho=[(20, 30), (19, 30), (19, 29), (19, 28), (19, 27), (19, 26), (19, 25), (18, 25), (17, 25), (18, 25), (19, 25), (20, 25), (21, 25), (22, 25), (22, 24), (23, 24), (24, 24), (25, 24), (26, 24), (27, 24)], Custo=211, Visitados=76, Gerados=125

--- A* + C3 + H2 (>=1 farmácia) ---
  Caminho=[(20, 30), (19, 30), (19, 29), (19, 28), (19, 27), (19, 26), (19, 25), (18, 25), (17, 25), (18, 25), (19, 25), (20, 25), (21, 25), (22, 25), (22, 24), (23, 24), (24, 24), (25, 24), (26, 24), (27, 24)], Custo=211, Visitados=46, Gerados=90

--- A* + C4 + H1 (>=1 farmácia) ---
  Caminho=[(20, 30), (20, 29), (20, 28), (20, 27), (20, 26), (19, 26), (18, 26), (17, 26), (17, 25), (18, 25), (19, 25), (20, 25), (21, 25), (22, 25), (23, 25), (24, 25), (25, 25), (26, 25), (27, 25), (27, 24)], Custo=182, Visitados=30, Gerados=66

--- A* + C4 + H2 (>=1 farmácia) ---
  Caminho=[(20, 30), (20, 29), (20, 28), (20, 27), (20, 26), (19, 26), (18, 26), (17, 26), (17, 25), (17, 24), (18, 24), (19, 24), (20, 24), (21, 24), (22, 24), (23, 24), (24, 24), (25, 24), (26, 24), (27, 24)], Custo=183, Visitados=22, Gerados=57


=== Execução 25 ===
Trabalho (início): (26, 24)
Casa (objetivo):   (28, 0)
Farmácias:         [(21, 3), (24, 10), (19, 28), (2, 24)]

--- A* + C1 + H1 (>=1 farmácia) ---
  Caminho=[(26, 24), (26, 23), (26, 22), (26, 21), (26, 20), (26, 19), (26, 18), (26, 17), (26, 16), (26, 15), (26, 14), (26, 13), (26, 12), (25, 12), (25, 11), (24, 11), (24, 10), (24, 9), (24, 8), (24, 7), (24, 6), (24, 5), (24, 4), (24, 3), (25, 3), (25, 2), (26, 2), (26, 1), (27, 1), (27, 0), (28, 0)], Custo=300, Visitados=98, Gerados=156

--- A* + C2 + H1 (>=1 farmácia) ---
  Caminho=[(26, 24), (26, 23), (26, 22), (26, 21), (26, 20), (26, 19), (26, 18), (26, 17), (26, 16), (26, 15), (26, 14), (26, 13), (26, 12), (26, 11), (25, 11), (25, 10), (24, 10), (24, 9), (24, 8), (24, 7), (24, 6), (24, 5), (24, 4), (24, 3), (24, 2), (25, 2), (25, 1), (26, 1), (27, 1), (27, 0), (28, 0)], Custo=330, Visitados=111, Gerados=170

--- A* + C2 + H2 (>=1 farmácia) ---
  Caminho=[(26, 24), (26, 23), (26, 22), (26, 21), (26, 20), (26, 19), (26, 18), (26, 17), (26, 16), (26, 15), (26, 14), (26, 13), (26, 12), (26, 11), (26, 10), (25, 10), (24, 10), (24, 9), (24, 8), (24, 7), (24, 6), (24, 5), (24, 4), (24, 3), (24, 2), (24, 1), (24, 0), (25, 0), (26, 0), (27, 0), (28, 0)], Custo=330, Visitados=77, Gerados=134

--- A* + C3 + H1 (>=1 farmácia) ---
  Caminho=[(26, 24), (26, 23), (26, 22), (26, 21), (26, 20), (26, 19), (26, 18), (25, 18), (25, 17), (25, 16), (25, 15), (25, 14), (25, 13), (24, 13), (24, 12), (24, 11), (24, 10), (25, 10), (25, 9), (25, 8), (25, 7), (25, 6), (25, 5), (26, 5), (26, 4), (26, 3), (26, 2), (26, 1), (26, 0), (27, 0), (28, 0)], Custo=301, Visitados=146, Gerados=211

--- A* + C3 + H2 (>=1 farmácia) ---
  Caminho=[(26, 24), (25, 24), (25, 23), (25, 22), (25, 21), (25, 20), (25, 19), (24, 19), (24, 18), (24, 17), (24, 16), (24, 15), (24, 14), (24, 13), (24, 12), (24, 11), (24, 10), (25, 10), (25, 9), (25, 8), (25, 7), (25, 6), (25, 5), (26, 5), (26, 4), (26, 3), (26, 2), (26, 1), (26, 0), (27, 0), (28, 0)], Custo=301, Visitados=61, Gerados=132

--- A* + C4 + H1 (>=1 farmácia) ---
  Caminho=[(26, 24), (26, 23), (26, 22), (26, 21), (26, 20), (26, 19), (26, 18), (26, 17), (26, 16), (25, 16), (24, 16), (24, 15), (24, 14), (24, 13), (24, 12), (24, 11), (24, 10), (24, 9), (24, 8), (24, 7), (24, 6), (24, 5), (24, 4), (25, 4), (26, 4), (27, 4), (28, 4), (28, 3), (28, 2), (28, 1), (28, 0)], Custo=277, Visitados=75, Gerados=141

--- A* + C4 + H2 (>=1 farmácia) ---
  Caminho=[(26, 24), (26, 23), (26, 22), (26, 21), (26, 20), (25, 20), (24, 20), (24, 19), (24, 18), (24, 17), (24, 16), (24, 15), (24, 14), (24, 13), (24, 12), (24, 11), (24, 10), (24, 9), (24, 8), (24, 7), (24, 6), (24, 5), (25, 5), (26, 5), (27, 5), (28, 5), (28, 4), (28, 3), (28, 2), (28, 1), (28, 0)], Custo=289, Visitados=32, Gerados=88


